Vertex Count: 288

Data:

320 -64 96 0.0048 0.9954 0 -1 -0
-320 -64 96 0.0048 0.5367 0 -1 -0
320 -64 -96 0.149 0.9954 0 -1 -0
320 -4e-006 96 0.3029 0.9954 0 1 -0
320 -4e-006 -96 0.1587 0.9954 0 1 -0
-320 -4e-006 96 0.3029 0.5367 0 1 -0
320 -64 96 0.9952 0.5183 1 0 -0
320 -64 -96 0.9952 0.656 1 0 -0
320 -4e-006 96 0.9471 0.5183 1 0 -0
320 -64 -96 0.8317 0.9954 0 -0 -1
-320 -64 -96 0.8317 0.5367 0 -0 -1
320 -4e-006 -96 0.8798 0.9954 0 -0 -1
-320 -64 -96 0.9952 0.6651 -1 0 -0
-320 -64 96 0.9952 0.8028 -1 0 -0
-320 -4e-006 -96 0.9471 0.6651 -1 0 -0
320 -4e-006 96 0.774 0.9954 0 0 1
-320 -4e-006 96 0.774 0.5367 0 0 1
320 -64 96 0.8221 0.9954 0 0 1
128 608 96 0.3125 0.9954 0 -1 -0
-128 608 96 0.3125 0.8119 0 -1 -0
128 608 -96 0.4567 0.9954 0 -1 -0
128 672 96 0.4567 0.8028 0 1 -0
128 672 -96 0.3125 0.8028 0 1 -0
-128 672 96 0.4567 0.6193 0 1 -0
128 608 96 0.1683 0.00459999 1 0 -0
128 608 -96 0.1683 0.1422 1 0 -0
128 672 96 0.1202 0.00459999 1 0 -0
128 608 -96 0.9471 0.9954 0 -0 -1
-128 608 -96 0.9471 0.8119 0 -0 -1
128 672 -96 0.9952 0.9954 0 -0 -1
-128 608 -96 0.0529 0.00459999 -1 0 -0
-128 608 96 0.0529 0.1422 -1 0 -0
-128 672 -96 0.0048 0.00459999 -1 0 -0
128 672 96 0.2356 0.3349 0 0 1
-128 672 96 0.2356 0.1514 0 0 1
128 608 96 0.2837 0.3349 0 0 1
768 288 96 0.6202 0.6101 0 -1 -0
512 288 96 0.6202 0.4266 0 -1 -0
768 288 -96 0.7644 0.6101 0 -1 -0
768 352 96 0.149 0.5275 0 1 -0
768 352 -96 0.0048 0.5275 0 1 -0
512 352 96 0.149 0.344 0 1 -0
768 288 96 0.5337 0.0872 1 0 -0
768 288 -96 0.5337 0.2248 1 0 -0
768 352 96 0.4856 0.0872 1 0 -0
768 288 -96 0.0048 0.3349 0 -0 -1
512 288 -96 0.0048 0.1514 0 -0 -1
768 352 -96 0.0529 0.3349 0 -0 -1
512 288 -96 0.3606 0.0872 -1 0 -0
512 288 96 0.3606 0.2248 -1 0 -0
512 352 -96 0.3125 0.0872 -1 0 -0
768 352 96 0.8317 0.5275 0 0 1
512 352 96 0.8317 0.344 0 0 1
768 288 96 0.8798 0.5275 0 0 1
-512 288 96 0.6202 0.8028 0 -1 -0
-768 288 96 0.6202 0.6193 0 -1 -0
-512 288 -96 0.7644 0.8028 0 -1 -0
-512 352 96 0.6106 0.6101 0 1 -0
-512 352 -96 0.4663 0.6101 0 1 -0
-768 352 96 0.6106 0.4266 0 1 -0
-512 288 96 0.649 0.0872 1 0 -0
-512 288 -96 0.649 0.2248 1 0 -0
-512 352 96 0.601 0.0872 1 0 -0
-512 288 -96 0.0625 0.3349 0 -0 -1
-768 288 -96 0.0625 0.1514 0 -0 -1
-512 352 -96 0.1106 0.3349 0 -0 -1
-768 288 -96 0.7067 0.0872 -1 0 -0
-768 288 96 0.7067 0.2248 -1 0 -0
-768 352 -96 0.6587 0.0872 -1 0 -0
-512 352 96 0.1683 0.1514 0 0 1
-768 352 96 0.1683 0.3349 0 0 1
-512 288 96 0.1202 0.1514 0 0 1
-992 -64 96 0.4663 0.8028 0 -1 -0
-1248 -64 96 0.4663 0.6193 0 -1 -0
-992 -64 -96 0.6106 0.8028 0 -1 -0
-992 2e-006 96 0.6106 0.4174 0 1 -0
-992 2e-006 -96 0.4663 0.4174 0 1 -0
-1248 2e-006 96 0.6106 0.2339 0 1 -0
-992 -64 96 0.1106 0.00459999 1 0 -0
-992 -64 -96 0.1106 0.1422 1 0 -0
-992 2e-006 96 0.0625 0.00459999 1 0 -0
-992 -64 -96 0.8894 0.8028 0 -0 -1
-1248 -64 -96 0.8894 0.6193 0 -0 -1
-992 2e-006 -96 0.9375 0.8028 0 -0 -1
-1248 -64 -96 0.9952 0.3716 -1 0 -0
-1248 -64 96 0.9952 0.5092 -1 0 -0
-1248 2e-006 -96 0.9471 0.3716 -1 0 -0
-992 2e-006 96 0.8317 0.3349 0 0 1
-1248 2e-006 96 0.8317 0.1514 0 0 1
-992 -64 96 0.8798 0.3349 0 0 1
1248 -64 96 0.1587 0.5275 0 -1 -0
992 -64 96 0.1587 0.344 0 -1 -0
1248 -64 -96 0.3029 0.5275 0 -1 -0
1248 2e-006 96 0.7644 0.4174 0 1 -0
1248 2e-006 -96 0.6202 0.4174 0 1 -0
992 2e-006 96 0.7644 0.2339 0 1 -0
1248 -64 96 0.9952 0.078 1 0 -0
1248 -64 -96 0.9952 0.2156 1 0 -0
1248 2e-006 96 0.9471 0.078 1 0 -0
1248 -64 -96 0.8894 0.9954 0 -0 -1
992 -64 -96 0.8894 0.8119 0 -0 -1
1248 2e-006 -96 0.9375 0.9954 0 -0 -1
992 -64 -96 0.9952 0.2248 -1 0 -0
992 -64 96 0.9952 0.3624 -1 0 -0
992 2e-006 -96 0.9471 0.2248 -1 0 -0
1248 2e-006 96 0.774 0.3349 0 0 1
992 2e-006 96 0.774 0.1514 0 0 1
1248 -64 96 0.8221 0.3349 0 0 1
768 -352 96 0.6202 0.9954 0 -1 -0
512 -352 96 0.6202 0.8119 0 -1 -0
768 -352 -96 0.7644 0.9954 0 -1 -0
768 -288 96 0.6106 0.9954 0 1 -0
768 -288 -96 0.4663 0.9954 0 1 -0
512 -288 96 0.6106 0.8119 0 1 -0
768 -352 96 0.5913 0.0872 1 0 -0
768 -352 -96 0.5913 0.2248 1 0 -0
768 -288 96 0.5433 0.0872 1 0 -0
768 -352 -96 0.9375 0.2339 0 -0 -1
512 -352 -96 0.9375 0.4174 0 -0 -1
768 -288 -96 0.8894 0.2339 0 -0 -1
512 -352 -96 0.9375 0.0872 -1 0 -0
512 -352 96 0.9375 0.2248 -1 0 -0
512 -288 -96 0.8894 0.0872 -1 0 -0
768 -288 96 0.9375 0.4266 0 0 1
512 -288 96 0.9375 0.6101 0 0 1
768 -352 96 0.8894 0.4266 0 0 1
-512 -352 96 0.3125 0.6101 0 -1 -0
-768 -352 96 0.3125 0.4266 0 -1 -0
-512 -352 -96 0.4567 0.6101 0 -1 -0
-512 -288 96 0.4567 0.4174 0 1 -0
-512 -288 -96 0.3125 0.4174 0 1 -0
-768 -288 96 0.4567 0.2339 0 1 -0
-512 -352 96 0.476 0.0872 1 0 -0
-512 -352 -96 0.476 0.2248 1 0 -0
-512 -288 96 0.4279 0.0872 1 0 -0
-512 -352 -96 0.774 0.5275 0 -0 -1
-768 -352 -96 0.774 0.344 0 -0 -1
-512 -288 -96 0.8221 0.5275 0 -0 -1
-768 -352 -96 0.4183 0.0872 -1 0 -0
-768 -352 96 0.4183 0.2248 -1 0 -0
-768 -288 -96 0.3702 0.0872 -1 0 -0
-512 -288 96 0.226 0.1514 0 0 1
-768 -288 96 0.226 0.3349 0 0 1
-512 -352 96 0.1779 0.1514 0 0 1
-320 -64 96 0.0048 0.5367 0 -1 -0
-320 -64 -96 0.149 0.5367 0 -1 -0
320 -64 -96 0.149 0.9954 0 -1 -0
320 -4e-006 -96 0.1587 0.9954 0 1 -0
-320 -4e-006 -96 0.1587 0.5367 0 1 -0
-320 -4e-006 96 0.3029 0.5367 0 1 -0
320 -64 -96 0.9952 0.656 1 0 -0
320 -4e-006 -96 0.9471 0.656 1 0 -0
320 -4e-006 96 0.9471 0.5183 1 0 -0
-320 -64 -96 0.8317 0.5367 0 -0 -1
-320 -4e-006 -96 0.8798 0.5367 0 -0 -1
320 -4e-006 -96 0.8798 0.9954 0 -0 -1
-320 -64 96 0.9952 0.8028 -1 0 -0
-320 -4e-006 96 0.9471 0.8028 -1 0 -0
-320 -4e-006 -96 0.9471 0.6651 -1 0 -0
-320 -4e-006 96 0.774 0.5367 0 0 1
-320 -64 96 0.8221 0.5367 0 0 1
320 -64 96 0.8221 0.9954 0 0 1
-128 608 96 0.3125 0.8119 0 -1 -0
-128 608 -96 0.4567 0.8119 0 -1 -0
128 608 -96 0.4567 0.9954 0 -1 -0
128 672 -96 0.3125 0.8028 0 1 -0
-128 672 -96 0.3125 0.6193 0 1 -0
-128 672 96 0.4567 0.6193 0 1 -0
128 608 -96 0.1683 0.1422 1 0 -0
128 672 -96 0.1202 0.1422 1 0 -0
128 672 96 0.1202 0.00459999 1 0 -0
-128 608 -96 0.9471 0.8119 0 -0 -1
-128 672 -96 0.9952 0.8119 0 -0 -1
128 672 -96 0.9952 0.9954 0 -0 -1
-128 608 96 0.0529 0.1422 -1 0 -0
-128 672 96 0.0048 0.1422 -1 0 -0
-128 672 -96 0.0048 0.00459999 -1 0 -0
-128 672 96 0.2356 0.1514 0 0 1
-128 608 96 0.2837 0.1514 0 0 1
128 608 96 0.2837 0.3349 0 0 1
512 288 96 0.6202 0.4266 0 -1 -0
512 288 -96 0.7644 0.4266 0 -1 -0
768 288 -96 0.7644 0.6101 0 -1 -0
768 352 -96 0.0048 0.5275 0 1 -0
512 352 -96 0.0048 0.344 0 1 -0
512 352 96 0.149 0.344 0 1 -0
768 288 -96 0.5337 0.2248 1 0 -0
768 352 -96 0.4856 0.2248 1 0 -0
768 352 96 0.4856 0.0872 1 0 -0
512 288 -96 0.0048 0.1514 0 -0 -1
512 352 -96 0.0529 0.1514 0 -0 -1
768 352 -96 0.0529 0.3349 0 -0 -1
512 288 96 0.3606 0.2248 -1 0 -0
512 352 96 0.3125 0.2248 -1 0 -0
512 352 -96 0.3125 0.0872 -1 0 -0
512 352 96 0.8317 0.344 0 0 1
512 288 96 0.8798 0.344 0 0 1
768 288 96 0.8798 0.5275 0 0 1
-768 288 96 0.6202 0.6193 0 -1 -0
-768 288 -96 0.7644 0.6193 0 -1 -0
-512 288 -96 0.7644 0.8028 0 -1 -0
-512 352 -96 0.4663 0.6101 0 1 -0
-768 352 -96 0.4663 0.4266 0 1 -0
-768 352 96 0.6106 0.4266 0 1 -0
-512 288 -96 0.649 0.2248 1 0 -0
-512 352 -96 0.601 0.2248 1 0 -0
-512 352 96 0.601 0.0872 1 0 -0
-768 288 -96 0.0625 0.1514 0 -0 -1
-768 352 -96 0.1106 0.1514 0 -0 -1
-512 352 -96 0.1106 0.3349 0 -0 -1
-768 288 96 0.7067 0.2248 -1 0 -0
-768 352 96 0.6587 0.2248 -1 0 -0
-768 352 -96 0.6587 0.0872 -1 0 -0
-768 352 96 0.1683 0.3349 0 0 1
-768 288 96 0.1202 0.3349 0 0 1
-512 288 96 0.1202 0.1514 0 0 1
-1248 -64 96 0.4663 0.6193 0 -1 -0
-1248 -64 -96 0.6106 0.6193 0 -1 -0
-992 -64 -96 0.6106 0.8028 0 -1 -0
-992 2e-006 -96 0.4663 0.4174 0 1 -0
-1248 2e-006 -96 0.4663 0.2339 0 1 -0
-1248 2e-006 96 0.6106 0.2339 0 1 -0
-992 -64 -96 0.1106 0.1422 1 0 -0
-992 2e-006 -96 0.0625 0.1422 1 0 -0
-992 2e-006 96 0.0625 0.00459999 1 0 -0
-1248 -64 -96 0.8894 0.6193 0 -0 -1
-1248 2e-006 -96 0.9375 0.6193 0 -0 -1
-992 2e-006 -96 0.9375 0.8028 0 -0 -1
-1248 -64 96 0.9952 0.5092 -1 0 -0
-1248 2e-006 96 0.9471 0.5092 -1 0 -0
-1248 2e-006 -96 0.9471 0.3716 -1 0 -0
-1248 2e-006 96 0.8317 0.1514 0 0 1
-1248 -64 96 0.8798 0.1514 0 0 1
-992 -64 96 0.8798 0.3349 0 0 1
992 -64 96 0.1587 0.344 0 -1 -0
992 -64 -96 0.3029 0.344 0 -1 -0
1248 -64 -96 0.3029 0.5275 0 -1 -0
1248 2e-006 -96 0.6202 0.4174 0 1 -0
992 2e-006 -96 0.6202 0.2339 0 1 -0
992 2e-006 96 0.7644 0.2339 0 1 -0
1248 -64 -96 0.9952 0.2156 1 0 -0
1248 2e-006 -96 0.9471 0.2156 1 0 -0
1248 2e-006 96 0.9471 0.078 1 0 -0
992 -64 -96 0.8894 0.8119 0 -0 -1
992 2e-006 -96 0.9375 0.8119 0 -0 -1
1248 2e-006 -96 0.9375 0.9954 0 -0 -1
992 -64 96 0.9952 0.3624 -1 0 -0
992 2e-006 96 0.9471 0.3624 -1 0 -0
992 2e-006 -96 0.9471 0.2248 -1 0 -0
992 2e-006 96 0.774 0.1514 0 0 1
992 -64 96 0.8221 0.1514 0 0 1
1248 -64 96 0.8221 0.3349 0 0 1
512 -352 96 0.6202 0.8119 0 -1 -0
512 -352 -96 0.7644 0.8119 0 -1 -0
768 -352 -96 0.7644 0.9954 0 -1 -0
768 -288 -96 0.4663 0.9954 0 1 -0
512 -288 -96 0.4663 0.8119 0 1 -0
512 -288 96 0.6106 0.8119 0 1 -0
768 -352 -96 0.5913 0.2248 1 0 -0
768 -288 -96 0.5433 0.2248 1 0 -0
768 -288 96 0.5433 0.0872 1 0 -0
512 -352 -96 0.9375 0.4174 0 -0 -1
512 -288 -96 0.8894 0.4174 0 -0 -1
768 -288 -96 0.8894 0.2339 0 -0 -1
512 -352 96 0.9375 0.2248 -1 0 -0
512 -288 96 0.8894 0.2248 -1 0 -0
512 -288 -96 0.8894 0.0872 -1 0 -0
512 -288 96 0.9375 0.6101 0 0 1
512 -352 96 0.8894 0.6101 0 0 1
768 -352 96 0.8894 0.4266 0 0 1
-768 -352 96 0.3125 0.4266 0 -1 -0
-768 -352 -96 0.4567 0.4266 0 -1 -0
-512 -352 -96 0.4567 0.6101 0 -1 -0
-512 -288 -96 0.3125 0.4174 0 1 -0
-768 -288 -96 0.3125 0.2339 0 1 -0
-768 -288 96 0.4567 0.2339 0 1 -0
-512 -352 -96 0.476 0.2248 1 0 -0
-512 -288 -96 0.4279 0.2248 1 0 -0
-512 -288 96 0.4279 0.0872 1 0 -0
-768 -352 -96 0.774 0.344 0 -0 -1
-768 -288 -96 0.8221 0.344 0 -0 -1
-512 -288 -96 0.8221 0.5275 0 -0 -1
-768 -352 96 0.4183 0.2248 -1 0 -0
-768 -288 96 0.3702 0.2248 -1 0 -0
-768 -288 -96 0.3702 0.0872 -1 0 -0
-768 -288 96 0.226 0.3349 0 0 1
-768 -352 96 0.1779 0.3349 0 0 1
-512 -352 96 0.1779 0.1514 0 0 1
