Vertex Count: 144

Data:

256 -992 160 0.9976 0.4843 0 -1 -0
-256 -992 160 0.9976 0.6574 0 -1 -0
256 -992 -159.932 0.8898 0.4843 0 -1 -0
-256 0 -159.932 0.2276 0.0673 0 1 -0
-256 0 160 0.3355 0.0673 0 1 -0
256 0 -159.932 0.2276 0.2404 0 1 -0
256 -992 -159.932 0.6598 0.6574 0.0001 -0 -1
-256 -992 -160 0.4872 0.6574 0.0001 -0 -1
256 0 -159.932 0.6598 0.322 0.0001 -0 -1
-256 -992 -160 0.7771 0.6622 -1 0 -0
-256 -992 160 0.885 0.6622 -1 0 -0
-256 0 -159.932 0.7772 0.9976 -1 0 -0
-256 -992 160 0.6598 0.9976 0 -0 1
256 -992 160 0.4872 0.9976 0 -0 1
-256 0 160 0.6598 0.6622 0 -0 1
256 0 -159.932 0.885 0.6574 1 0 -0
256 0 160 0.7771 0.6574 1 0 -0
256 -992 -159.932 0.885 0.322 1 0 -0
832 -992 -160 0.9976 0.2042 0 -1 -0
832 -992 160 0.8898 0.2042 0 -1 -0
512 -992 -160 0.9976 0.096 0 -1 -0
832 -288 -160 0.0024 0.1657 0 1 -0
512 -288 -160 0.0024 0.0574999 0 1 -0
832 -288 160 0.1102 0.1657 0 1 -0
832 -992 -160 0.9976 0.9976 0 -0 -1
512 -992 -160 0.8898 0.9976 0 -0 -1
832 -288 -160 0.9976 0.7596 0 -0 -1
512 -992 -160 0.6645 0.00340003 -1 0 -0
512 -992 160 0.7724 0.00340003 -1 0 -0
512 -288 -160 0.6645 0.2414 -1 0 -0
512 -992 160 0.2229 0.2404 0 -0 1
832 -992 160 0.115 0.2404 0 -0 1
512 -288 160 0.2229 0.00239998 0 -0 1
832 -288 160 0.3402 0.2415 1 0 -0
832 -992 160 0.3402 0.00340003 1 0 -0
832 -288 -160 0.4481 0.2415 1 0 -0
-1280 -992 -160 0.9976 0.3172 0 -1 -0
-1280 -992 160 0.8898 0.3172 0 -1 -0
-1600 -992 -160 0.9976 0.209 0 -1 -0
-1280 0 -169.273 0.9976 0.3713 0 1 -0
-1600 0 -169.273 0.9976 0.4795 0 1 -0
-1280 0 150.727 0.8897 0.3713 0 1 -0
-1600 -992 -160 0.6645 0.5816 0 -0.0093 -1
-1600 0 -169.273 0.6645 0.2462 0 -0.0093 -1
-1280 -992 -160 0.7724 0.5816 0 -0.0093 -1
-1600 -992 160 0.2229 0.2452 -1 0 -0
-1600 0 150.727 0.2229 0.5807 -1 0 -0
-1600 -992 -160 0.115 0.2462 -1 0 -0
-1600 -992 160 0.4481 0.5817 0 0.0093 1
-1280 -992 160 0.3402 0.5817 0 0.0093 1
-1600 0 150.727 0.4481 0.2462 0 0.0093 1
-1280 0 -169.273 0.2276 0.2452 1 0 -0
-1280 0 150.727 0.3355 0.2462 1 0 -0
-1280 -992 -160 0.2276 0.5807 1 0 -0
-256 -992 159.73 0.595 0.0788 0 -1 -0
-960.976 -992 159.73 0.595 0.3172 0 -1 -0
-256 -992 -160.203 0.4872 0.0788 0 -1 -0
-256 224 -159.73 0.885 0.0788 0 1 -0
-960.976 224 -159.73 0.885 0.3172 0 1 -0
-256 224 160.27 0.7771 0.0788 0 1 -0
-960.976 -992 -160.27 0.2448 0.9976 0.0001 0.0004 -1
-960.976 224 -159.73 0.2448 0.5864 0.0001 0.0004 -1
-256 -992 -160.203 0.4824 0.9976 0.0001 0.0004 -1
-960.976 -992 -160.27 0.6645 0.5864 -1 0 -0
-960.976 -992 159.73 0.7724 0.5864 -1 0 -0
-960.976 224 -159.73 0.6645 0.9976 -1 0 -0
-960.976 -992 159.73 0.24 0.9976 0 -0.0004 1
-256 -992 159.73 0.0024 0.9976 0 -0.0004 1
-960.976 224 160.27 0.24 0.5864 0 -0.0004 1
-256 224 160.27 0.0024 0.5817 1 0 -0
-256 -992 159.73 0.0024 0.1705 1 0 -0
-256 224 -159.73 0.1102 0.5816 1 0 -0
-256 -992 160 0.9976 0.6574 0 -1 -0
-256 -992 -160 0.8897 0.6574 0 -1 -0
256 -992 -159.932 0.8898 0.4843 0 -1 -0
-256 0 160 0.3355 0.0673 0 1 -0
256 0 160 0.3355 0.2404 0 1 -0
256 0 -159.932 0.2276 0.2404 0 1 -0
-256 -992 -160 0.4872 0.6574 -0 0.0001 -1
-256 0 -159.932 0.4872 0.322 -0 0.0001 -1
256 0 -159.932 0.6598 0.322 -0 0.0001 -1
-256 -992 160 0.885 0.6622 -1 0 -0
-256 0 160 0.885 0.9976 -1 0 -0
-256 0 -159.932 0.7772 0.9976 -1 0 -0
256 -992 160 0.4872 0.9976 0 -0 1
256 0 160 0.4872 0.6622 0 -0 1
-256 0 160 0.6598 0.6622 0 -0 1
256 0 160 0.7771 0.6574 1 0 -0
256 -992 160 0.7771 0.322 1 0 -0
256 -992 -159.932 0.885 0.322 1 0 -0
832 -992 160 0.8898 0.2042 0 -1 -0
512 -992 160 0.8898 0.096 0 -1 -0
512 -992 -160 0.9976 0.096 0 -1 -0
512 -288 -160 0.0024 0.0574999 0 1 -0
512 -288 160 0.1102 0.0574999 0 1 -0
832 -288 160 0.1102 0.1657 0 1 -0
512 -992 -160 0.8898 0.9976 0 -0 -1
512 -288 -160 0.8898 0.7596 0 -0 -1
832 -288 -160 0.9976 0.7596 0 -0 -1
512 -992 160 0.7724 0.00340003 -1 0 -0
512 -288 160 0.7724 0.2414 -1 0 -0
512 -288 -160 0.6645 0.2414 -1 0 -0
832 -992 160 0.115 0.2404 0 -0 1
832 -288 160 0.115 0.00239998 0 -0 1
512 -288 160 0.2229 0.00239998 0 -0 1
832 -992 160 0.3402 0.00340003 1 0 -0
832 -992 -160 0.4481 0.00340003 1 0 -0
832 -288 -160 0.4481 0.2415 1 0 -0
-1280 -992 160 0.8898 0.3172 0 -1 -0
-1600 -992 160 0.8898 0.209 0 -1 -0
-1600 -992 -160 0.9976 0.209 0 -1 -0
-1600 0 -169.273 0.9976 0.4795 0 1 -0
-1600 0 150.727 0.8897 0.4795 0 1 -0
-1280 0 150.727 0.8897 0.3713 0 1 -0
-1600 0 -169.273 0.6645 0.2462 0 -0.0093 -1
-1280 0 -169.273 0.7724 0.2462 0 -0.0093 -1
-1280 -992 -160 0.7724 0.5816 0 -0.0093 -1
-1600 0 150.727 0.2229 0.5807 -1 0 -0
-1600 0 -169.273 0.115 0.5817 -1 0 -0
-1600 -992 -160 0.115 0.2462 -1 0 -0
-1280 -992 160 0.3402 0.5817 0 0.0093 1
-1280 0 150.727 0.3402 0.2462 0 0.0093 1
-1600 0 150.727 0.4481 0.2462 0 0.0093 1
-1280 0 150.727 0.3355 0.2462 1 0 -0
-1280 -992 160 0.3355 0.5817 1 0 -0
-1280 -992 -160 0.2276 0.5807 1 0 -0
-960.976 -992 159.73 0.595 0.3172 0 -1 -0
-960.976 -992 -160.27 0.4872 0.3172 0 -1 -0
-256 -992 -160.203 0.4872 0.0788 0 -1 -0
-960.976 224 -159.73 0.885 0.3172 0 1 -0
-960.976 224 160.27 0.7771 0.3172 0 1 -0
-256 224 160.27 0.7771 0.0788 0 1 -0
-960.976 224 -159.73 0.2448 0.5864 -0 0.0004 -1
-256 224 -159.73 0.4824 0.5864 -0 0.0004 -1
-256 -992 -160.203 0.4824 0.9976 -0 0.0004 -1
-960.976 -992 159.73 0.7724 0.5864 -1 0 -0
-960.976 224 160.27 0.7724 0.9976 -1 0 -0
-960.976 224 -159.73 0.6645 0.9976 -1 0 -0
-256 -992 159.73 0.0024 0.9976 0 -0.0004 1
-256 224 160.27 0.0024 0.5864 0 -0.0004 1
-960.976 224 160.27 0.24 0.5864 0 -0.0004 1
-256 -992 159.73 0.0024 0.1705 1 0 -0
-256 -992 -160.203 0.1102 0.1704 1 0 -0
-256 224 -159.73 0.1102 0.5816 1 0 -0
