Vertex Count: 252

Data:

256 256 64 0.7581 0.4754 0 -1 0
256 256 -128 0.8548 0.4754 0 -1 0
768 256 64 0.7581 0.7377 0 -1 0
768 288 -128 0.9355 0.5246 0 0 -1
768 256 -128 0.9516 0.5246 0 0 -1
256 288 -128 0.9355 0.7869 0 0 -1
768 288 -128 0.629 0.7377 -0 1 -0
256 288 -128 0.629 0.4754 -0 1 -0
768 288 64 0.7258 0.7377 -0 1 -0
256 256 64 0.6452 0.082 -1 -0 -0
256 0 63.9999 0.6452 0.2131 -1 -0 -0
256 0 128 0.6129 0.2131 -1 -0 -0
256 288 128 0.4839 0.7377 0 -0 1
256 0 128 0.629 0.7377 0 -0 1
768 288 128 0.4839 1 0 -0 1
768 256 64 0.7581 1 0 0 -1
768 0 63.9999 0.629 1 0 0 -1
256 256 64 0.7581 0.7377 0 0 -1
256 0 63.9999 0.9194 0.0656 0 -1 0
768 0 63.9999 0.9194 0.3279 0 -1 0
256 0 128 0.8871 0.0656 0 -1 0
-768 288 128 0.8871 0.3279 -1 -0 -0
-768 288 64 0.8548 0.3279 -1 -0 -0
-768 256 64 0.8548 0.3115 -1 -0 -0
-256 0 63.9999 0.9516 0.3279 0 -1 0
-256 0 128 0.9194 0.3279 0 -1 0
-768 0 128 0.9194 0.0656 0 -1 0
-256 288 64 0.5806 0.0656 1 0 -0
-256 288 128 0.6129 0.0656 1 0 -0
-256 256 64 0.5806 0.082 1 0 -0
-256 0 128 0.6129 0.2131 1 0 -0
-256 0 63.9999 0.5806 0.2131 1 0 -0
-256 256 64 0.5806 0.082 1 0 -0
-768 0 63.9999 0.9516 0.0656 0 -1 0
-256 0 63.9999 0.9516 0.3279 0 -1 0
-768 0 128 0.9194 0.0656 0 -1 0
-256 288 -128 0.7581 0.2131 -0 1 -0
-768 288 -128 0.7581 0.4754 -0 1 -0
-256 288 64 0.6613 0.2131 -0 1 -0
-768 288 128 0.4839 0.4754 0 -0 1
-768 0 128 0.629 0.4754 0 -0 1
-256 288 128 0.4839 0.7377 0 -0 1
-256 0 63.9999 0.4839 0.4754 0 0 -1
-768 0 63.9999 0.4839 0.2131 0 0 -1
-768 256 64 0.6129 0.2131 0 0 -1
-256 256 -128 0.629 0.2131 0 0 -1
-768 256 -128 0.629 0.4754 0 0 -1
-768 288 -128 0.6129 0.4754 0 0 -1
-64 128 128 0.9355 0.8689 0 -0 1
-64 0 128 0.9355 0.8033 0 -0 1
64 128 128 1 0.8689 0 -0 1
-64 0 64 0.8387 0.1803 0 -1 0
64 0 64 0.8387 0.1148 0 -1 0
-64 0 128 0.871 0.1803 0 -1 0
64 160 -160 0.8548 0.6721 1 0 -0
64 160 128 0.8548 0.5246 1 0 -0
64 128 64 0.871 0.5574 1 0 -0
64 160 -160 0.8871 0.3279 -0 1 -0
-64 160 -160 0.9516 0.3279 -0 1 -0
64 160 128 0.8871 0.4754 -0 1 -0
-64 160 128 0.7581 0.1803 -1 -0 -0
-64 160 -160 0.7581 0.0328 -1 -0 -0
-64 128 64 0.7742 0.1475 -1 -0 -0
-64 128 -160 0.7419 0.1475 0 0 -1
-64 160 -160 0.7581 0.1475 0 0 -1
64 128 -160 0.7419 0.2131 0 0 -1
64 128 128 1 0.8689 0 -0 1
64 160 128 1 0.8852 0 -0 1
-64 128 128 0.9355 0.8689 0 -0 1
-64 128 64 0.7742 0.1475 -1 -0 -0
-64 0 64 0.8387 0.1475 -1 -0 -0
-64 128 128 0.7742 0.1803 -1 -0 -0
64 128 128 0.871 0.5246 1 0 -0
64 0 128 0.9355 0.5246 1 0 -0
64 128 64 0.871 0.5574 1 0 -0
64 128 64 1 1 0 -1 0
-64 128 64 0.9355 1 0 -1 0
64 128 -160 1 0.8852 0 -1 0
64 128 64 0.4839 0.0656 0 0 -1
64 0 64 0.4839 0 0 0 -1
-64 128 64 0.5484 0.0656 0 0 -1
960 -160 160 0 1 0 -1 0
-960 -160 160 0 0.0164 0 -1 0
960 -160 -160 0.1613 1 0 -1 0
960 0 160 0.3226 1 -0 1 -0
960 0 -160 0.1613 1 -0 1 -0
-960 0 160 0.3226 0.0164 -0 1 -0
960 -160 160 0.9355 0.8361 1 0 -0
960 -160 -160 0.9355 1 1 0 -0
960 0 160 0.8548 0.8361 1 0 -0
960 -160 -160 0.3226 1 0 0 -1
-960 -160 -160 0.3226 0.0164 0 0 -1
960 0 -160 0.4032 1 0 0 -1
-960 -160 -160 0.9355 0.6721 -1 -0 -0
-960 -160 160 0.9355 0.8361 -1 -0 -0
-960 0 -160 0.8548 0.6721 -1 -0 -0
960 0 160 0.4032 1 0 -0 1
-960 0 160 0.4032 0.0164 0 -0 1
960 -160 160 0.4839 1 0 -0 1
-64 0 128 0.9355 0.8033 0 -0 1
64 0 128 1 0.8033 0 -0 1
64 128 128 1 0.8689 0 -0 1
64 0 64 0.8387 0.1148 0 -1 0
64 0 128 0.871 0.1148 0 -1 0
-64 0 128 0.871 0.1803 0 -1 0
64 128 64 0.871 0.5574 1 0 -0
64 128 -160 0.871 0.6721 1 0 -0
64 160 -160 0.8548 0.6721 1 0 -0
64 160 128 0.8548 0.5246 1 0 -0
64 128 128 0.871 0.5246 1 0 -0
64 128 64 0.871 0.5574 1 0 -0
-64 160 -160 0.9516 0.3279 -0 1 -0
-64 160 128 0.9516 0.4754 -0 1 -0
64 160 128 0.8871 0.4754 -0 1 -0
-64 128 64 0.7742 0.1475 -1 -0 -0
-64 128 128 0.7742 0.1803 -1 -0 -0
-64 160 128 0.7581 0.1803 -1 -0 -0
-64 160 -160 0.7581 0.0328 -1 -0 -0
-64 128 -160 0.7742 0.0328 -1 -0 -0
-64 128 64 0.7742 0.1475 -1 -0 -0
-64 160 -160 0.7581 0.1475 0 0 -1
64 160 -160 0.7581 0.2131 0 0 -1
64 128 -160 0.7419 0.2131 0 0 -1
64 160 128 1 0.8852 0 -0 1
-64 160 128 0.9355 0.8852 0 -0 1
-64 128 128 0.9355 0.8689 0 -0 1
-64 0 64 0.8387 0.1475 -1 -0 -0
-64 0 128 0.8387 0.1803 -1 -0 -0
-64 128 128 0.7742 0.1803 -1 -0 -0
64 0 128 0.9355 0.5246 1 0 -0
64 0 64 0.9355 0.5574 1 0 -0
64 128 64 0.871 0.5574 1 0 -0
-64 128 64 0.9355 1 0 -1 0
-64 128 -160 0.9355 0.8852 0 -1 0
64 128 -160 1 0.8852 0 -1 0
-960 -160 160 0 0.0164 0 -1 0
-960 -160 -160 0.1613 0.0164 0 -1 0
960 -160 -160 0.1613 1 0 -1 0
960 0 -160 0.1613 1 -0 1 -0
-960 0 -160 0.1613 0.0164 -0 1 -0
-960 0 160 0.3226 0.0164 -0 1 -0
960 -160 -160 0.9355 1 1 0 -0
960 0 -160 0.8548 1 1 0 -0
960 0 160 0.8548 0.8361 1 0 -0
-960 -160 -160 0.3226 0.0164 0 0 -1
-960 0 -160 0.4032 0.0164 0 0 -1
960 0 -160 0.4032 1 0 0 -1
-960 -160 160 0.9355 0.8361 -1 -0 -0
-960 0 160 0.8548 0.8361 -1 -0 -0
-960 0 -160 0.8548 0.6721 -1 -0 -0
-960 0 160 0.4032 0.0164 0 -0 1
-960 -160 160 0.4839 0.0164 0 -0 1
960 -160 160 0.4839 1 0 -0 1
64 0 64 0.4839 0 0 0 -1
-64 0 64 0.5484 0 0 0 -1
-64 128 64 0.5484 0.0656 0 0 -1
256 256 -128 0.8548 0.4754 0 -1 0
768 256 -128 0.8548 0.7377 0 -1 0
768 256 64 0.7581 0.7377 0 -1 0
768 256 -128 0.9516 0.5246 0 0 -1
256 256 -128 0.9516 0.7869 0 0 -1
256 288 -128 0.9355 0.7869 0 0 -1
768 256 -128 0.7581 0.3443 1 0 -0
768 288 -128 0.7581 0.3279 1 0 -0
768 256 64 0.8548 0.3443 1 0 -0
256 288 -128 0.629 0.4754 -0 1 -0
256 288 64 0.7258 0.4754 -0 1 -0
768 288 64 0.7258 0.7377 -0 1 -0
256 256 64 0.6452 0.082 -1 -0 -0
256 0 128 0.6129 0.2131 -1 -0 -0
256 288 128 0.6129 0.0656 -1 -0 -0
256 0 128 0.629 0.7377 0 -0 1
768 0 128 0.629 1 0 -0 1
768 288 128 0.4839 1 0 -0 1
768 256 64 0.8548 0.3443 1 0 -0
768 288 128 0.8871 0.3279 1 0 -0
768 0 128 0.8871 0.4754 1 0 -0
768 0 128 0.8871 0.4754 1 0 -0
768 0 63.9999 0.8548 0.4754 1 0 -0
768 256 64 0.8548 0.3443 1 0 -0
768 0 63.9999 0.629 1 0 0 -1
256 0 63.9999 0.629 0.7377 0 0 -1
256 256 64 0.7581 0.7377 0 0 -1
768 0 63.9999 0.9194 0.3279 0 -1 0
768 0 128 0.8871 0.3279 0 -1 0
256 0 128 0.8871 0.0656 0 -1 0
-768 256 64 0.8548 0.3115 -1 -0 -0
-768 288 64 0.8548 0.3279 -1 -0 -0
-768 256 -128 0.7581 0.3115 -1 -0 -0
-256 288 64 0.6613 0.2131 -0 1 -0
-768 288 64 0.6613 0.4754 -0 1 -0
-256 288 128 0.629 0.2131 -0 1 -0
-768 256 64 0.8548 0.3115 -1 -0 -0
-768 0 128 0.8871 0.1803 -1 -0 -0
-768 288 128 0.8871 0.3279 -1 -0 -0
-768 256 -128 0.8548 0.7377 0 -1 0
-256 256 -128 0.8548 1 0 -1 0
-256 256 64 0.7581 1 0 -1 0
-768 256 64 0.7581 0.7377 0 -1 0
-768 256 -128 0.8548 0.7377 0 -1 0
-256 256 64 0.7581 1 0 -1 0
-256 288 -128 0.6129 0.2131 0 0 -1
-256 256 -128 0.629 0.2131 0 0 -1
-768 288 -128 0.6129 0.4754 0 0 -1
-256 256 64 0.6129 0.4754 0 0 -1
-256 0 63.9999 0.4839 0.4754 0 0 -1
-768 256 64 0.6129 0.2131 0 0 -1
-256 256 -128 0.4839 0.082 1 0 -0
-256 288 -128 0.4839 0.0656 1 0 -0
-256 256 64 0.5806 0.082 1 0 -0
-256 256 64 0.5806 0.082 1 0 -0
-256 288 128 0.6129 0.0656 1 0 -0
-256 0 128 0.6129 0.2131 1 0 -0
-768 0 128 0.629 0.4754 0 -0 1
-256 0 128 0.629 0.7377 0 -0 1
-256 288 128 0.4839 0.7377 0 -0 1
-768 256 64 0.8548 0.3115 -1 -0 -0
-768 0 63.9999 0.8548 0.1803 -1 -0 -0
-768 0 128 0.8871 0.1803 -1 -0 -0
-768 288 -128 0.7581 0.4754 -0 1 -0
-768 288 64 0.6613 0.4754 -0 1 -0
-256 288 64 0.6613 0.2131 -0 1 -0
256 256 -128 0.7419 0.082 -1 -0 -0
256 256 64 0.6452 0.082 -1 -0 -0
256 288 -128 0.7419 0.0656 -1 -0 -0
256 288 128 0.6129 0.0656 -1 -0 -0
256 288 64 0.6452 0.0656 -1 -0 -0
256 256 64 0.6452 0.082 -1 -0 -0
768 288 64 0.8548 0.3279 1 0 -0
768 288 128 0.8871 0.3279 1 0 -0
768 256 64 0.8548 0.3443 1 0 -0
768 288 64 0.7258 0.7377 -0 1 -0
256 288 64 0.7258 0.4754 -0 1 -0
768 288 128 0.7581 0.7377 -0 1 -0
768 288 -128 0.7581 0.3279 1 0 -0
768 288 64 0.8548 0.3279 1 0 -0
768 256 64 0.8548 0.3443 1 0 -0
-768 288 64 0.8548 0.3279 -1 -0 -0
-768 288 -128 0.7581 0.3279 -1 -0 -0
-768 256 -128 0.7581 0.3115 -1 -0 -0
-768 288 64 0.6613 0.4754 -0 1 -0
-768 288 128 0.629 0.4754 -0 1 -0
-256 288 128 0.629 0.2131 -0 1 -0
-256 288 -128 0.4839 0.0656 1 0 -0
-256 288 64 0.5806 0.0656 1 0 -0
-256 256 64 0.5806 0.082 1 0 -0
256 256 64 0.6452 0.082 -1 -0 -0
256 288 64 0.6452 0.0656 -1 -0 -0
256 288 -128 0.7419 0.0656 -1 -0 -0
256 288 64 0.7258 0.4754 -0 1 -0
256 288 128 0.7581 0.4754 -0 1 -0
768 288 128 0.7581 0.7377 -0 1 -0
