Vertex Count: 36

Data:

3200 -1952 -160 0.9309 0.9989 0 -1 -0
3200 -1952 160 0.866 0.9989 0 -1 -0
-3200 -1952 -160 0.9309 0.00109994 0 -1 -0
3200 0 -160 0.8632 0.00109994 0 1 -0
-3200 0 -160 0.8632 0.9989 0 1 -0
3200 0 160 0.7983 0.00109994 0 1 -0
3200 -1952 -160 0.7955 0.00109994 0 -0 -1
-3200 -1952 -160 0.7955 0.9989 0 -0 -1
3200 0 -160 0.3999 0.00109994 0 -0 -1
-3200 -1952 -160 0.9337 0.388 -1 -0 -0
-3200 -1952 160 0.9986 0.388 -1 -0 -0
-3200 0 -160 0.9337 0.6924 -1 -0 -0
-3200 -1952 160 0.397 0.00109994 0 -0 1
3200 -1952 160 0.397 0.9989 0 -0 1
-3200 0 160 0.0014 0.00109994 0 -0 1
3200 0 -160 0.9986 0.9989 1 0 -0
3200 0 160 0.9337 0.9989 1 0 -0
3200 -1952 -160 0.9986 0.6946 1 0 -0
3200 -1952 160 0.866 0.9989 0 -1 -0
-3200 -1952 160 0.866 0.00109994 0 -1 -0
-3200 -1952 -160 0.9309 0.00109994 0 -1 -0
-3200 0 -160 0.8632 0.9989 0 1 -0
-3200 0 160 0.7983 0.9989 0 1 -0
3200 0 160 0.7983 0.00109994 0 1 -0
-3200 -1952 -160 0.7955 0.9989 0 -0 -1
-3200 0 -160 0.3999 0.9989 0 -0 -1
3200 0 -160 0.3999 0.00109994 0 -0 -1
-3200 -1952 160 0.9986 0.388 -1 -0 -0
-3200 0 160 0.9986 0.6924 -1 -0 -0
-3200 0 -160 0.9337 0.6924 -1 -0 -0
3200 -1952 160 0.397 0.9989 0 -0 1
3200 0 160 0.0014 0.9989 0 -0 1
-3200 0 160 0.0014 0.00109994 0 -0 1
3200 0 160 0.9337 0.9989 1 0 -0
3200 -1952 160 0.9337 0.6946 1 0 -0
3200 -1952 -160 0.9986 0.6946 1 0 -0
