Vertex Count: 36

Data:

960 -64 -160 0.3624 0.9964 0 -1 -0
960 -64 160 0.0078 0.9964 0 -1 -0
-960 -64 -160 0.3624 0.0036 0 -1 -0
960 0 -160 0.7326 0.0036 0 1 -0
-960 0 -160 0.7326 0.9964 0 1 -0
960 0 160 0.378 0.0036 0 1 -0
960 -64 -160 0.8191 0.0036 0 -0 -1
-960 -64 -160 0.8191 0.9964 0 -0 -1
960 0 -160 0.7482 0.0036 0 -0 -1
-960 -64 -160 0.9922 0.6582 -1 0 -0
-960 -64 160 0.9922 0.8236 -1 0 -0
-960 0 -160 0.9213 0.6582 -1 0 -0
-960 -64 160 0.8348 0.9964 0 -0 1
960 -64 160 0.8348 0.0036 0 -0 1
-960 0 160 0.9057 0.9964 0 -0 1
960 0 -160 0.9922 0.8309 1 0 -0
960 0 160 0.9922 0.9964 1 0 -0
960 -64 -160 0.9213 0.8309 1 0 -0
960 -64 160 0.0078 0.9964 0 -1 -0
-960 -64 160 0.0078 0.0036 0 -1 -0
-960 -64 -160 0.3624 0.0036 0 -1 -0
-960 0 -160 0.7326 0.9964 0 1 -0
-960 0 160 0.378 0.9964 0 1 -0
960 0 160 0.378 0.0036 0 1 -0
-960 -64 -160 0.8191 0.9964 0 -0 -1
-960 0 -160 0.7482 0.9964 0 -0 -1
960 0 -160 0.7482 0.0036 0 -0 -1
-960 -64 160 0.9922 0.8236 -1 0 -0
-960 0 160 0.9213 0.8236 -1 0 -0
-960 0 -160 0.9213 0.6582 -1 0 -0
960 -64 160 0.8348 0.0036 0 -0 1
960 0 160 0.9057 0.0036 0 -0 1
-960 0 160 0.9057 0.9964 0 -0 1
960 0 160 0.9922 0.9964 1 0 -0
960 -64 160 0.9213 0.9964 1 0 -0
960 -64 -160 0.9213 0.8309 1 0 -0
